Start testing......
[138.74472    16.927458   45.71005    90.         20.412893  139.79071
  90.         60.66484    85.56606   136.0598     93.25765    48.138153
 128.85954    89.92295   145.54675    77.966446  177.3714     99.232506
 126.199295  119.11143    76.533226  126.18525   139.27985    25.008963
  32.916798   67.665474  124.05483   140.71486    86.115204   90.
  82.3026     89.75832    94.670845   94.64116   103.153496  122.66552
 100.52571     7.5179424 143.44298    96.298485   81.902855  165.35075
  24.615332  140.77626    54.984463  147.9268    127.22945   113.67335
 144.32457   125.21881   122.351555   35.14704    51.544147   35.608818
  66.23498    31.13113   124.57778    95.32475    93.37422    85.31172
 129.59561    44.54693   145.19185    60.916676 ]
[148.4668     40.33159    45.80668    18.206629   44.100483  129.61798
 141.31906    95.854774   90.        139.11942    87.47488   173.75961
 124.569016   52.948795   47.883892   58.396988   42.392323   90.
  29.597195   63.02534   173.01161    94.05984   176.53621    97.61233
  90.         30.965418  166.3848    110.5129    122.926414   88.806244
 104.033775   48.544827  119.3769     82.57583   103.47194    86.48263
 175.42456   141.56323   129.22807    53.76138   133.17891    29.207008
  90.         90.         98.34974     2.0433471  16.527607   90.
  40.32621    72.9551     68.00881    90.        100.83186    83.34853
 175.92899   144.87943    85.49279    93.0786     26.41038    81.6091
  58.17026    42.902496  123.389656  111.5945   ]
[ 80.88646   144.1531    166.51938   128.02441    90.         43.01171
   9.837193   74.67652    91.70019   129.68562   165.49774   141.27171
 147.30061   141.57072    78.177216  120.30145    43.84947     6.876205
 125.26483    29.34894    85.18976   124.869514  124.98036    20.270302
 111.68332   100.27425    57.097187  127.4301     20.683699  121.66204
 125.96312   139.96739    13.738123   37.056553   90.         54.817608
 128.99919    77.30531   147.33554   118.875046   85.28667   132.85687
   9.72765    18.494205   48.425293  135.78914    95.52331   136.44699
  57.177166  119.07053   129.62473   169.2181    101.13188    94.66732
 151.7194     29.593552   93.76735    55.163338   89.96161    37.778484
 118.81241   118.442215    1.7246495  44.847824 ]
[ 77.16945    87.066376   90.12903   119.131874   94.6626    120.40467
 162.4494      2.3550954   4.1485987  86.010025   20.747555   74.9312
  81.56761   169.15396    87.07663    52.754524   31.150204   79.83602
  90.        177.051      92.74404    58.957058   29.674585   28.01252
 130.55367    40.12374   126.95958   159.64568    99.41625   145.5808
  76.68289   123.963425   88.34825    11.347863  135.36943    50.629986
  84.11578    90.        153.89587   148.65816   139.34976    82.34247
  71.703186  113.57194    75.627556   76.33915    90.36336   147.30109
  67.52201   140.44092   126.84857    16.629868   30.434248  100.47206
 101.76939    55.803513   33.018932  141.92094     1.0434273 120.40757
  68.83013    36.069023  104.00781    88.80427  ]
[154.39258   102.435585  147.51215    34.237896   93.559006   36.789772
  44.35174    86.598045  142.08925   169.4154    136.78032    25.360912
  77.574875   47.523453  140.41675    74.44988    48.56112    90.
  34.187412    8.848442   99.44927    99.1332    146.2784    103.78946
 146.25055    79.71509    88.45985    13.928761  145.47392    17.472647
   0.4343124  45.20008    94.80931    89.61269    83.88323    40.60895
 139.20482    42.343605   77.70198   128.93726   116.23219    40.881657
  38.11754    34.759937   54.453663   45.44336   127.95168    40.262814
  90.        102.47224    50.821735   34.845657   90.        126.88795
  90.        133.88872   122.05965    84.28533    51.114918  147.92203
  55.08462   118.32752    84.61765    25.337358 ]
[ 89.40913    177.76166     90.         172.06369    136.41873
  66.67964     89.70237     48.828793   103.10964    145.46307
  80.127205    89.71764     83.18643    116.09475     30.709202
 174.88759     38.888287   141.91147     83.57986     68.790565
  23.441984     0.33396482  41.392582   122.73978     95.414024
   0.22468433  94.59906     60.507977   156.07173     92.41434
 143.70859     64.15932    121.5077     104.07093     92.064575
 169.09828    145.04622     37.597828    90.         149.89287
  36.47637    117.357834   140.446       13.748099    17.355703
  94.06367     11.093701    77.80976      0.34206915  35.942
  96.82551      3.2794862  104.89561      1.134187    41.236744
 134.16179    176.22214    100.288895   157.37914    150.05663
  86.69677    160.01836    178.5864      90.        ]
[111.10075   42.35965   64.06361    4.858615  38.395893 138.82573
  45.733276  81.06944   90.68492   46.712883 131.98743   84.38136
  94.39464  167.77194  110.401634  94.20616  173.6231   142.73825
  87.78916   37.099384 149.12897   98.208824 139.72641   86.01999
  77.66522   78.79373   88.36008   98.76047  108.17246   86.23188
  45.56841  149.91641   80.30171   83.80035   21.954874 123.62758
  14.82204   90.       127.04539   23.001045  84.99092  166.95853
 122.31232  141.20508   80.31915  128.76009   88.39872  140.02486
  33.629646  82.485794  79.65887  177.32475  140.69855  158.25151
   8.97669   90.28042   88.51344   24.362253 117.57427   21.809372
  13.299128 128.59991   20.383577 125.542076]
[ 83.201195   83.97493   151.85683   132.64539   114.444115    8.846511
  90.        154.80943    12.595448    3.734863  167.86497   131.04442
 137.47542   102.55223    25.304386  128.82324    21.960855   89.717545
  86.844925   85.95645   113.824974  120.06623   141.21129    51.548088
  46.00368   146.31227    90.        125.21026    49.200706  168.86253
  57.939804   86.191154   13.417348   87.34011   124.99322   132.87753
  66.27796    75.52153   176.44487    34.972244  110.731926   84.342705
  38.983967  105.74227    14.669351  128.5462     41.946594   60.288128
  91.05185    79.54905   129.08144    67.69263    53.852562  135.55487
 135.18207    52.83827    84.5077      1.9883971 158.95888    85.753815
  96.78945    39.28633   101.83967   144.05531  ]
[ 84.126915   165.02179    125.38643    169.6922     132.65671
  66.22143    117.394       87.50881    166.67249    145.73643
 144.3833     106.87407      6.0111194   29.172491    49.255108
  95.71059    101.60168    160.78023    136.0943      99.921364
  90.          74.01153    168.86801    105.46058    176.76723
  90.          63.39577     31.901299    42.16892    117.85474
   0.34774235  18.004227    57.181423   142.80241     85.847855
 100.69945    136.0814      47.12531     86.31121     90.
  90.          58.16079     32.978466    81.75685    144.95467
 127.60446     82.13685    161.554      165.28331     56.8991
  48.4656      87.06245     86.361275   137.81743     12.729415
  20.578587    14.721882   174.34789     85.23064     58.568844
 138.04745    171.30574     24.478521    38.33066   ]
[ 13.574716  106.01239   113.48692    33.910774   42.913387   90.
 108.48078    59.330044   81.64119    21.951263   93.94386   147.35986
 149.06276    86.691574   40.58108   157.78595    70.96837    21.670607
  79.16188    23.304258   93.45972    99.921295   31.897858   46.45553
  94.07114   125.122406   60.489      75.5901    157.93738   156.01117
 122.331856  160.89978    81.51705    64.13504   120.42563    43.960358
  82.08719   141.38737    15.9874935  34.80636   102.385574  143.39793
 119.4419     82.11892    77.80295   132.29402   160.8602     30.951906
  93.94436   105.95791    90.160324  124.964935   57.153687  167.42079
  33.499245   32.36364   123.33819    83.77533   149.12779   105.91637
 125.261475   31.346878   71.90648    95.042465 ]
[120.387215  136.41309    41.381397  156.32329    55.415115    1.6997325
 105.66091   102.53011    78.886246   48.108635   19.32972     4.0722246
  90.         91.38664   133.62202     5.8963776 118.50845    86.99328
  71.24433   137.1202    129.65219    84.20184   172.33434    32.389008
  80.55801    78.28951    78.02475    96.809135    8.542977  139.79626
 105.67656   147.47002    29.598955   90.         78.04493    93.44216
  87.21152    14.835717  124.298035   76.76198    43.934616  101.000946
  48.181168   38.940056  117.46943    83.304405   75.729904  147.64394
  76.482635   84.41643    90.47163    82.632515   76.565384  172.14948
  87.06055    77.066574  111.93288    36.984737   90.         57.755756
 135.57246    85.712296  134.44765    90.       ]
[ 80.517395  106.052475   90.         85.30824   106.97911    91.190025
  88.6909    168.48303    22.184084    4.9293485  52.841156   90.
 161.06122    86.80778    75.542145   83.654366   97.9807     97.08684
 154.81398   129.9723      5.4503565  81.20342   137.6953    120.88155
 163.37224   126.44645    51.262676  169.57014   102.00767   114.15002
 118.1182     77.02202    35.055553   14.089571   89.499725   84.59882
 169.37288    75.74254    79.09774    86.53392    33.933647   42.18225
  89.17623    85.60534    38.77935    77.72234    94.5762     97.27027
  92.07153    85.86419    34.456844  143.0426     43.13387   119.87967
  34.80765    54.13081   104.1657      2.4627533  90.         69.02913
  86.355156   13.484649  136.32506   165.86397  ]
[113.834694 172.41524  176.97614   56.499615   9.764789  87.85896
 105.823685  32.454807 118.516426  92.55038  105.229164 129.40225
  60.449753 138.20651   77.88603  165.94904   90.        37.44513
  28.78541  134.65645   90.       126.26565  112.74215   49.98191
  89.60302  148.09608   48.91266   94.29553  143.01433  173.50917
  89.962715  67.5935     7.169189  51.456192  44.856213 142.28345
  62.03157  119.54457  103.18349  153.15608   80.529564  47.452152
  59.626076  85.80905   77.00993   82.89648   43.41417  104.37634
 152.56245  153.60545   13.500529 155.27914   54.139656  35.18228
 149.61281   44.608044 117.827866 125.74364  113.72246  104.399765
 170.7885   139.44904   53.425808 139.71024 ]
[152.64403    39.48056    75.81793   149.488     139.64777    90.
  68.38037   103.793724   19.175419   12.516415  142.64716    85.15982
  48.91298    94.29664   176.46896   138.2259     48.70293    78.38508
 120.394104   75.42961    71.39683   140.49294    82.95249   144.9532
 120.35101    17.619976   90.325516   90.         90.         64.63547
  76.45363    18.019835   91.5334     85.38508    99.056015   84.635956
  30.409851   82.293465  140.03497   134.82338    99.004196   45.1921
  67.10969    21.23179   149.26077   172.25496    96.51576   137.44742
  88.79576    40.88084    33.3856    127.69885   123.340515   97.094345
  85.21585    10.5610285 125.36798    80.31916     6.5454745  77.99414
  45.729046   48.668797   43.64132    90.       ]
[ 89.691376  100.66617   146.46124    47.574455   32.749554  137.19118
   3.5661194  25.894785  165.24461   168.97137    47.288055  138.23308
  78.37589    36.594933   90.         18.301254   93.44718   120.38888
  98.82258   140.52246    30.369331   38.17213    11.356971   79.2155
  56.71902   126.83555    87.624855   33.43652    28.355104   40.533684
  84.172806   43.51109    90.         77.56006   144.64873    75.31365
  90.         38.72734    94.307686  145.12833    37.038692   47.886322
  86.035805    8.587529   90.         14.092644  124.019745  146.42685
 153.66731    83.738      41.86147     0.7873334  97.70465    91.52949
 127.11039    42.66793    54.716747  172.24796    85.75203   131.55725
  49.292675  150.79459   166.49606    90.       ]
[ 27.082083   69.427086   63.363174  138.94391   144.73108   136.68082
  78.34392    25.97178   112.74512   130.80357    34.624523   90.
  86.98386   149.33997   119.41083    90.        125.96446    82.85986
  23.16319    29.17935   141.7969    124.82626     5.1089087  48.949596
 147.52559    55.60393    16.269258  164.379      95.827415  150.03328
  94.48944    84.57501    45.822407  140.27596   135.27376   139.58292
  94.22965    99.15993    90.        172.03593    23.49048   167.48593
  77.71873   134.98505    72.99069    19.440563  116.49016   166.44695
 101.24675   147.39973    90.71795   110.563576  141.88069    31.583132
 100.61149    40.988987  159.81915    24.562756  146.08612    95.76375
  55.67202    73.518005   48.380505   15.374411 ]
[ 83.6629     89.47159    87.530945   46.766354  124.00301    92.43921
  74.91178    76.25838    47.59399    76.64146    81.496414   90.
 131.15213   111.59581   112.37555   135.2109    166.25948   104.36805
 177.95293   148.21053    35.90191    76.20946    90.         24.26151
 141.21336    17.218994   23.390234  121.41428   139.10428    51.337486
   1.3447937  88.09782    57.334198  127.2814     10.781894   47.856388
  90.         87.50685    96.40924   126.20396   151.6728    102.68371
  75.21567   100.28867   146.15862    86.55014     4.2965546  90.
  79.13728    54.429237   43.18693    18.882652   48.860386   46.1367
 145.12892    62.989807   52.115547  125.89354   164.36455    23.62323
  90.         38.688328   83.24457    42.89777  ]
[ 90.       147.3156    51.491703  93.78719   99.300385 176.54968
   7.535254 102.97849   60.876026  60.68732    3.063882 165.99942
  66.00461  122.01511   34.190308  87.4787    29.64825   86.70263
 156.31702  121.32362   43.367588 101.24654   17.530153 112.71326
  12.846874  90.        90.693184  73.86547   80.22046   90.
 135.90613   98.58094  105.30753   58.11777   87.619415 147.2494
  36.992558  80.56577  121.991356 112.585266 166.26294   77.87031
 101.72222  150.43974   98.10476   76.87438   79.66785  177.08926
  92.51469   22.053156  51.543537 148.27911  104.94333  104.25441
  47.381443 123.61765   40.80347   97.3517    90.        42.42489
  90.        40.846317  78.594376 154.4927  ]
[ 49.401295   84.76154    49.16899    90.         98.59766    41.35246
  56.354015   58.706593  114.201225   78.12692   153.28802    42.20392
 100.14463   120.90806   113.03692    85.17787   114.738144  102.97847
  82.81922    30.837124   49.4015     93.07417   137.3869     45.164307
  84.79576   156.67723   141.04346    33.61308    88.53624   134.42497
 124.64808   103.27741   167.49542    76.01976    36.712112  133.3475
  57.17591    87.04404    65.744865  129.586     160.29759   112.92481
 108.79112   120.52838   127.7965    165.80383    88.7142    136.71036
  51.857735  124.5882     93.93447   174.36534    44.166023   97.268875
 122.11689   124.44316   165.49323    38.37581     3.5556173  75.92102
 121.16307    98.49337    77.85187    85.51763  ]
[ 50.648136  144.79572    87.932755   90.         83.01743   160.45496
  79.790405  162.71213     7.1957116  25.915546   93.6498    101.90809
  27.58177    37.213158   20.009083   54.045506   90.223335  142.87384
  41.059036   35.836933  156.96068   146.53925   125.87606   126.71119
  90.        142.29846    90.        125.13032   164.99545   166.626
 115.557175  115.75358    89.63425    91.66541    28.935406  102.455124
  85.722786  172.37517    86.43506    92.04765   168.33922    27.897911
  72.53592    91.37971   138.59462    82.6784    124.2308     76.77079
 168.82748   120.580345   88.09939    58.252243  164.3748     15.933915
  95.46051    58.753593   11.181322   39.771378   52.27959    91.77859
  32.753235  160.41722     8.6259365  67.2729   ]
[ 88.59423   118.57094   115.175415   99.98652   125.80466    90.
 121.97294   103.76244    90.533104   88.942635  143.50745    39.930843
  17.681868  121.63033    94.07144    33.463566  142.06604    44.21618
  64.49425     5.0856147  97.478355   90.         80.77389   101.92768
  31.14138   166.65775   147.17091    57.139038  102.15185    87.23553
  90.2709     46.404594    6.437849   90.8315    149.14856    33.730415
 118.50471   119.714066   33.005077    8.61443   144.3387     14.897332
  57.988262  176.32343   176.75677    17.472042  147.54623    74.56951
   8.708675   58.36242   121.06832   114.09212    87.26979   156.43523
 161.7065     39.691654  119.87662   126.73079    27.516409   86.48581
  21.448343   99.246346    9.305355   44.02536  ]
[ 43.012398  138.04453   123.94838     5.064227   24.84804   178.28697
  32.69426    34.28433    90.         31.8254    137.70013    11.221211
  92.345276  129.65984   135.5137     80.92162    39.345325  103.87872
  91.86918    52.37016     9.731994   53.56432    38.90159    96.72814
  90.67982   169.54562    35.227234   14.759315  136.0831    106.69777
  54.711914   82.2435     54.167404   20.743727  113.90635   149.68481
  74.48319   154.00903    97.008965   90.         53.387627  123.981026
  36.767303  168.37497    77.37678     2.2241356  35.165966  163.00557
  61.571186   90.        174.08282   129.90617    95.09554   123.78727
 141.36697    77.67674    81.79833    78.60616    90.        127.328285
  20.79579   133.29526   100.462006  141.06013  ]
[103.05139   22.811375 174.70303   89.82851   76.37666  162.89923
  98.113365  86.18737  140.0061   168.62148  141.27104   47.027073
  16.055944  31.404337  90.       146.37178  126.91358   96.91183
  21.704992  97.17978   34.265892 139.84682   88.30399   12.340647
 169.79625   52.831978 109.37669  123.42446   90.       135.20345
  46.991974  94.25549  147.77658   89.40864   90.        73.92754
 107.44616   95.00546   33.049667  60.32633  136.31958   74.59038
  19.138922 102.39832   34.640663  14.457124  64.8006    76.66365
 163.31737   19.626406 141.27094   45.204308 134.62297   90.
 103.736664  84.59295  138.48277   36.618782  59.73037   90.
  63.21675   53.136597 143.35855  106.27681 ]
[2.00820751e+01 1.37746643e+02 8.02629623e+01 1.53682480e+02
 1.44717880e+02 5.99714928e+01 2.07502918e+01 7.93375778e+01
 3.54707527e+01 7.52178421e+01 1.71780380e+02 7.41181107e+01
 2.66331501e+01 1.17543274e+02 1.20492363e+02 9.00000000e+01
 8.77905884e+01 8.08564224e+01 4.09638329e+01 6.76631775e+01
 1.37814133e+02 1.01080103e+01 1.09162346e+02 5.52797050e+01
 1.05538239e+02 1.21784821e+01 1.27152710e+02 3.49139404e+01
 1.35129929e+02 3.04779797e+01 9.00000000e+01 5.90935555e+01
 5.05294151e+01 1.01606239e+02 9.64225616e+01 1.49306992e+02
 1.04782829e+02 8.54289856e+01 5.09078255e+01 1.57768448e+02
 9.12613220e+01 1.26555717e+02 1.31304703e+02 8.77600098e+01
 1.67217514e+02 1.31571487e+02 9.09980316e+01 7.42202911e+01
 3.14519062e+01 1.74146515e+02 9.26114044e+01 1.01838409e+02
 1.50908417e+02 1.69350739e+02 1.97823402e-02 1.17658691e+02
 1.03447693e+02 7.52880554e+01 1.58158846e+01 5.39445152e+01
 8.49621124e+01 9.00000000e+01 1.42700317e+02 4.71152229e+01]
[176.49529   65.975914  76.312164  90.        44.656765 174.14432
  43.221775 139.88837  134.63237   81.37208  179.54073  138.56253
  41.99281  170.42058  132.17233  132.77524   48.56749  111.0421
  54.735916 150.45348   54.624577 167.0043   168.37453  127.6453
  92.12116   14.976246 171.87279   34.107445 126.34852  169.0405
   9.728074  53.139942  50.248386 135.66933   41.68107   28.224209
 101.75737   97.67953   81.50695   14.918918 124.80915  102.059715
  78.63424  148.67126   51.442406  97.989975  82.9405   163.94572
 112.57154  101.50838  153.92047  171.8725    32.965965  90.
 136.2473    17.73263    9.918653  69.63744  100.40214   86.354706
  94.67004   39.02018   98.19844  170.53317 ]
[ 60.210983  167.14983   170.89719   151.44115   143.62894   150.77083
 125.190056  147.97389   150.42413   146.43384    47.224823   77.32102
   8.018585  112.494606  120.2353     53.765244  142.60721   176.57098
  88.08262    46.672283   44.17141    94.611336  161.83258    90.
  63.492558   53.868195  107.837425   86.98067    90.         75.613914
 162.92223    49.378815    1.1579206  75.47337    93.76643    93.46153
 138.27678    57.48374    32.840637  133.92574   154.36191    45.84744
  44.630386   64.88574    90.         90.         83.85199   133.08902
  27.255514  106.165565   84.87825   128.64555    81.69942     8.713073
 111.46317    42.20013   122.82221   142.5482     89.58854    31.184195
 124.38774    79.64079   154.5107     77.7911   ]
[ 74.474236    73.06633     78.99048    134.60675     23.377153
 121.32202    119.25956     19.35867     13.169825    28.226528
  76.46555     47.898308    95.818375   173.30428      3.3365977
 118.44146    165.59328     89.98338    158.17793      0.44367275
 172.27077     95.25172     30.211063    16.524652   133.60364
 152.7587      45.951267    11.601893     0.6772422  113.84737
   9.399629   122.61968     34.848595    31.92167     32.425888
 132.10754    150.27815    149.27028    106.14286    168.59555
 103.458115    35.635124    56.192196    11.929553    95.8193
 128.15768    133.63467     91.94295     52.478733   130.81776
  19.380117    46.52997     93.79267     33.965675    48.19223
  62.75327    149.82928     58.69961     34.53097    139.40607
 102.7805     152.27621     96.04516     10.89645   ]
[166.90329   56.774654  77.85107   14.475101  89.65661  159.92543
 113.00388   95.335045  44.513813  17.63704   83.567566 179.07233
  55.843582 143.09798   94.6198    83.68757  102.67901   91.9847
  85.611916  39.294216  73.27923   69.21468  103.53992   41.433548
 146.60312   54.998516 162.9759    79.00357  100.790665  93.94168
  90.        84.117775 128.80174  130.58502  104.39176   65.22782
 122.895996  93.74822  165.4023   131.61595  115.850945  90.
  89.46851  145.24202   79.08694  130.21254  155.21323   85.71486
  60.565308  38.962147 154.52959   89.24525  159.35696  157.97643
 151.12175   51.84283   30.94264   59.058533  52.07561   77.433815
  28.990376 142.25223   91.43078  166.05032 ]
[152.37387     47.4748      51.482506   163.75768     32.83029
  84.84185    141.02507    146.13074     24.121452    92.98124
  58.242332    90.          81.381714    71.43258    162.97893
 137.64824    166.18117    132.59349     42.07882    171.1816
  94.87666     36.727104   178.21942    125.24483    160.60359
 100.51806    137.79285    163.39957    150.14108    166.36414
  28.469727    25.756445    60.906242    47.8639      23.768492
  85.135704    63.371525   115.76548    106.930016    90.
 134.41035    140.02809     54.2103       0.37845913  90.
 143.00339    135.97444     96.15783     76.92545     94.03227
  88.71496     46.226448    43.005527    83.60437    143.99918
 137.51321     45.57368     35.388702    96.66486     41.792274
 151.4015      78.37542     81.55018     61.37832   ]
[108.29301    24.6683     24.578157  128.34665    73.14987   138.79842
  90.70584    76.03666    81.55028   166.29482    37.50556    86.725266
  65.77644    36.418888   93.28655   129.66104    51.30028    68.48172
   2.6962414  76.86389    45.477547   56.814747   90.         92.67246
  83.99316    93.26557   145.15778   113.04669   131.5851     35.283966
  41.14435   111.33001    40.13795    32.735466   24.961641   14.022187
  67.70585    89.99254   144.24727    93.21061   130.86255   147.93689
  82.65486   150.57002    13.13063    55.159473   90.        171.07806
 167.2143     31.734175   19.498024   40.233437   83.423996  138.63786
 120.872734  117.283516   46.542576   50.693027   96.62733   165.6076
  86.13513    96.80155   104.571266   89.66268  ]
[ 11.596221   89.55102   101.08872    13.17303    85.505      83.098625
  76.03733    54.54927    41.648273   96.82025   133.31403    75.50336
  99.11039    87.84624    81.62804    55.839928   51.43068    52.00059
 133.33116    79.79654     0.9970111 129.7486    178.83734    58.007088
 135.86902   160.70624    46.61507    73.12302    92.592255   86.1463
  90.        164.09436    63.255466   46.265152   10.47311   129.91684
 116.095604   59.587963  161.60062    34.351532  134.05803    33.061855
  79.765755  163.66713    40.463974  102.587296   65.46311    55.954147
  35.390533  130.05786   164.22179   154.86545   133.85071    51.624897
  29.527372  168.21642     2.4176753 139.88655   147.58752    66.56963
  98.30527    76.57963    97.412704   89.76562  ]
[ 80.86972    83.39987   149.82991    52.57095    40.069283   80.95744
  45.33201    39.641743  178.74461    47.408676   95.03169    68.821205
  50.789318   46.241295   23.073584  132.70782    95.217316  150.76054
  39.912804   95.28124    88.692024  140.68681   136.3333     65.71204
  33.908306   17.221357   60.476692   57.857933   50.482986  135.49254
 125.86463    90.         85.21923   152.32333    52.228115  100.528824
  12.592019   87.64091    96.44462    46.231636   96.03335     1.7970027
  30.687124   90.        165.51204   122.675934   87.35077    99.72664
 131.38982    53.31257    80.9261     34.455967   85.78425   101.94372
 135.4779    103.25441   134.43274   144.90863    96.127106   82.40326
 159.62463    33.479073   98.55934    90.       ]
[166.81702   60.29673   32.892204  90.        57.16786  150.69154
  80.39941  106.25964   42.242485 121.95189   42.07073   61.146217
  44.82057   78.55085  119.55896   42.329346 135.76726  169.07683
   2.798413  86.94663   80.852745 135.4315    42.686203  99.50027
  48.17906  113.34219   84.78873   77.14971  137.39867  178.75572
  78.00029    9.224007 119.65385  157.44424   78.66145   29.632395
  90.16308   71.370476 179.7545    92.181     35.054077  44.13687
  43.627735  88.37827  111.04316  174.41023   85.380135 127.81692
   8.435614  62.625458 135.97215  154.85939  148.42497  143.24818
 147.02548   67.67846  131.01247   90.       116.050735  58.760204
   6.327906  57.56813  132.25015  129.28755 ]
[104.30305     77.35099    111.28042     89.89342    149.34927
  38.691525    56.13372    171.559      141.46141     97.68433
 128.24052     10.892709    15.714776    20.724077   132.4928
   0.61770636 171.02434     84.6402      75.19842    106.56961
  12.6726885   70.88262      3.012659    48.828133    76.17149
  31.769812    20.34763     15.578454   124.41323     91.84693
  88.46963    170.6522      59.95793     37.46293     95.75566
  79.503       95.571396    81.90308    109.92884    152.56244
   2.7746696  128.60596    142.93832     77.77979     18.954784
  50.656754    13.66858     84.41452     88.482765    63.375492
 177.74962    170.10951     54.287807   147.31978     29.060297
 114.27699    137.55698    129.44498     84.41498     37.087917
  88.46024    101.917816    90.84805     77.91357   ]
[114.05949   126.801094   13.881081   65.34778    94.85355   161.60158
  22.32659    40.465454  120.41129    15.312783  102.76483    46.707024
 150.47592    50.48939    58.25434    90.         44.928802   84.27869
  10.027993   45.636868   94.2757    111.201294  153.7913    151.76848
 120.93776    97.57135    77.63278    80.36401   119.71148    90.87833
 104.81718   167.74843    90.         47.61831    82.09587    88.13521
 152.55092   142.37079    48.550167  147.92908    47.200043  135.83577
  90.         90.         99.5764     29.648247   50.151928  125.07395
 168.92598    96.70397    95.763       1.2346386  90.        173.13284
  35.207737  167.29178   103.11451   103.77908    41.778973  118.6194
 132.54068    79.50261   112.83392    76.08121  ]
[ 41.0546    37.349407  42.671326  30.092518 101.943954 130.72412
  18.979948  36.488235  44.793617  33.29682   90.        78.00888
   7.347854 112.76551   79.97498   78.23262   16.213223 147.50597
  92.60902   53.746883  46.78881  167.64288   48.14832   40.696568
 153.74072  164.11668  122.998245 136.72653   90.        90.
  80.11181   31.131481  78.10511  119.918526 105.90551   34.360554
  32.813503  61.805218  99.205795  29.621157 145.59032   90.
 144.11507   97.335    112.12896   92.316536  10.449751  40.471317
  54.055267  59.542873  41.96545   57.295853 110.11299   83.73722
 121.5433   130.95264  154.76633  148.1834   148.68681   90.
  75.88385   10.968137 147.20648  135.164   ]
[ 54.89888   148.48854    49.62319    77.991844    1.4892462  75.70648
  67.006485   85.144806   30.489342   32.17545   130.16576    51.474483
  88.28508   132.35808    90.        160.6668    124.267624   90.
 162.13078   135.93315   179.94067    41.811092   84.58813   125.07866
  77.981125  125.82326    98.98964    37.564846   31.217215   33.421734
 101.41366    17.69278    60.19881   113.748924   90.          8.822429
  90.         92.58255    90.269226   66.434715   89.44477    49.999996
 149.83394     6.27676    97.07974     1.9230518  82.540565   40.079792
  28.888086    6.7575207  87.367065   45.03752    88.814354   37.958305
  43.638634  143.84012   128.6331    153.1875    138.86632    51.32146
  32.843575   99.31227    52.473263   33.06388  ]
[127.06593   52.57214   36.13849  150.05756   95.62888   90.
  84.287605 142.09868  121.29551   73.418     54.984554  43.929935
  89.36104   91.58634  179.2333   168.36461  174.57     178.82831
  38.884502  61.268047  30.828077 113.97153  104.68493   90.
  80.126785 121.60736   90.       136.92548   58.791973  57.126442
 160.31026   45.234795  42.89498   36.764885 122.307014  54.522545
 153.57161   53.98437  151.04492  163.85307   97.05934  161.82687
  88.866806 134.61485   81.29566   90.        17.096167  37.32355
  73.97589   55.54435   90.       131.66277  104.21803  146.55449
 155.27698   89.12351  134.23723  114.93167   60.240765 104.43803
 146.03078   48.657707  82.03189   90.      ]
[ 90.        90.        90.       166.02638   63.691     31.120903
 134.01271  121.37017   55.53399   83.85197   80.98015   81.73408
  71.17223   41.633427 169.06628  117.7772   124.05785   85.506134
 176.90808   14.53293   90.1602    38.01426  151.94855   40.13417
  72.87014  137.81668   44.82197  111.285164 126.33279   79.128204
  59.09643    8.374235 102.49654   46.84652   13.868805  33.515556
  96.27515   79.59114   82.2004    76.94317   90.       166.24536
  35.31691   74.18895   92.67245  155.36443   23.354782  85.28285
  47.240696 139.51944  125.59075  137.67693   87.246284 146.52882
 137.02104   35.28491   43.48823   49.00974    3.410132  79.429115
 115.15155  103.652336  14.928676  95.697586]
[103.36865    53.094925  130.3721     90.         31.35106   110.427444
  11.539134   86.64568    76.948814   29.810022   11.013313  115.428024
  39.522984  118.04178    16.197338  129.39545   163.22224   157.64511
  46.87736    21.810997   76.45372    52.08068    84.44883   168.67209
 100.21508    41.794582   45.919395   89.53857   150.87585    83.05918
   2.3866313  82.48461   134.9827     84.135506   88.08994    86.102295
  39.36293    42.97231    47.846104    7.7967925  88.603905   42.363964
  70.45506    13.868876   45.75758   122.869675  117.81501    24.831432
  31.832657  102.01989    92.40153    58.679604  136.85843    94.37688
  94.05374    78.13961    92.94628   136.08325    87.185616  153.65028
 143.43134    26.381971   97.40999    95.37653  ]
[140.6737    103.708374   39.589787  141.40343   104.49953    92.60461
  59.249443   38.95794     8.565179   53.139187   18.654522  145.23479
  65.639694   94.382324   45.258587  130.0239    133.82295   161.78044
  61.56969    58.450047   24.511995    1.9347199  90.         90.
 148.61952   117.52201    90.         31.95593    10.618078   85.58994
  87.496445  149.35724    46.523933  127.93693   173.61122   108.055244
 116.91102    90.         93.68014   141.43553   101.73164    45.15018
  99.562325   90.        140.12852    56.769558   74.68457    52.676403
 124.04761    84.702675   86.68093   147.34201   129.91656    88.70761
 130.9101    150.04668    53.06379    94.65203    76.67936   118.39252
 133.3675     79.21622   151.25934   170.34784  ]
[129.5835    147.3596    145.23119    80.65326    41.031837    5.738868
  51.758503    5.7063994  13.360553   79.426414   58.756367  172.56862
  90.504486   51.631367   92.75098   156.54378    58.16419   117.89042
   8.012242   48.921776   80.20744    14.601487   83.039154  175.69272
  87.37932   139.74852    90.28707    90.32413    86.511086   43.445442
  31.505861  138.57307   140.57707   130.76651    90.        165.50243
  25.35857    49.20808   111.31223    21.941788   49.654404   94.97023
  37.11795   104.45997   102.76639    23.174204   23.884949   41.485268
  81.24858    43.716946   96.23733   151.69278    60.585922  101.39896
  77.9802    104.956      86.38761    81.64692    43.917652   87.418144
 131.31352    84.51025   135.45221    75.60385  ]
[ 54.379875  39.746334 101.99162  132.35081   18.00975   68.57118
  76.87162  139.44962   99.37239   86.43761   44.911694  38.457195
  78.25969   80.9924   125.582146  82.944176 103.07147   24.588984
  50.27673   31.355385  85.54067   94.14685   83.97112   87.87459
 134.52075  162.98941   95.87156   90.        54.828274 104.421646
 124.88014   79.65562   90.       149.785    151.42726   91.87017
  35.837124  82.6758   144.92702  125.30475  142.63559  153.73434
 104.18913   52.865376 131.2017    39.407604  12.019558 133.9682
   4.2693    42.160347 138.92589  146.3762    41.270164 104.86873
 101.17444  144.48111   57.284454 102.263664  32.87846   90.
  31.705412  13.224573  52.946625  31.01957 ]
[ 79.20704    56.88771   143.7515     31.113897   62.898243   88.87863
   2.8880532  96.93249   167.24403    70.17093   149.29494   178.04034
  90.         87.84381    31.217405  142.49763   132.4909      3.8436406
 125.81435   154.64594    15.269624  117.54671   124.1251     97.53988
  15.619916  166.12343     4.830226   50.447258   22.992994  166.25534
 124.502945  171.50089    75.65279    47.933548   18.246065   84.14206
 122.837944   62.635498   83.615326   60.25303    87.9307     84.98224
  79.88369   130.2761     82.01198    34.530777   93.64236   137.1747
  84.737816    5.9648952  77.31608   177.95894   133.11356   139.75034
  23.143206  129.93013    32.461205   35.200214  135.27454    43.803795
  90.         90.         20.346197  106.94564  ]
[ 45.021217  94.072556 104.53201  103.929085 139.30348   88.77337
 143.8881   166.57957   79.73536  105.86297  178.36064   95.75183
 128.82465   92.86295  102.761894 158.46025   63.040295 101.70261
  13.541166  93.83378   95.83714   23.480259  11.166853  79.13106
  68.056015  38.380417 152.29857   76.78884   76.05949    6.458618
  46.54275  176.08743  127.06081   31.530926  23.352346  86.63094
 128.21342   76.30691   94.7144    83.12268  101.41804   20.331015
 165.53969   37.602097 143.1228    44.993374  90.       153.16219
 108.83093   87.795906  38.932373  41.24717   88.26363   29.201056
  45.177807  29.585428 102.27426   90.        81.008446  86.71396
  99.05854   79.34764   41.235966  90.4321  ]
[139.59343    101.77545    132.45287     18.930954   124.78839
 177.16585    159.2104     115.19484     55.676594    59.519
  76.84865      6.68416     67.88806     80.876144   130.89339
  31.871569    26.887564    90.          64.65375    154.45161
  78.64686     99.79328    114.0338     154.6504      30.256687
  90.          37.677567    90.          90.          56.28915
  76.41419     48.047646    80.785385    54.86957    144.24805
  12.5645895   77.667725   145.56255     90.35252    138.04153
  92.89596     59.16855     42.15084     62.196384    61.790638
 149.05672    106.726364   172.7337      59.00421    112.58975
  42.091526   104.14804      0.40686354 175.43983     95.06872
  43.616253   169.10994    118.83627     38.6978      90.
  93.013466    93.284096    18.976366    90.        ]
[164.1544     134.86897    103.73684     90.          44.637726
  57.969196   123.9645     141.4654     140.54742    179.12686
 169.11264     99.791626    83.02891    150.09325     15.620894
  94.545364    99.77489     84.50527     39.754135    83.62064
 177.93341     56.628468   127.63524     22.888819   176.8899
  39.095028    53.853455   132.83392     96.69126    155.43008
 128.75009     20.253717   100.35561     91.26546    127.46896
  85.54337     47.63434    158.01512      0.5485832  145.18999
 136.14879     40.514713    56.51143     36.453747    82.82138
  56.17804     56.28371     96.71885     43.33038     85.50691
  90.515045    98.30882     90.          23.451553    58.225708
   0.49810818  90.          38.36878     77.71204     91.10598
 160.81645    138.97775     89.57714     93.5196    ]
[ 79.153725  102.33206    90.         29.0415     46.31135   143.845
  81.74525   124.07711   155.3971     89.907104  121.9153     90.
 132.59229    95.63326   100.37169    90.        137.0672      2.5194046
  90.15842    93.19848   145.52934    92.3636     96.838234  146.35794
  90.         90.        120.662964  139.85933   170.30988   134.8716
  86.5908     76.40899    83.29355    82.81638   176.50447    89.60435
 123.270065  119.20223   129.82669    77.85714    90.         88.83881
 170.39984    40.760883   26.143705  122.660774   73.82659    67.90414
  90.         90.         87.78966     4.5921817 136.11638    77.34423
  13.239149   82.33537    93.75454    50.455776   12.273772   69.634605
  42.465027   18.586197   90.         80.90493  ]
[ 90.         92.16543    98.1299     91.460945  155.73734    35.56219
 134.95761    24.919209   34.290752    5.2005525 131.39125    41.10574
  83.36008    22.67021     1.6242555  95.75534   167.64395   155.70262
  85.644844   51.034443   12.6217785 151.72815   119.73308    22.394402
   1.1367719  33.746983  165.80263    48.802734   13.628721   93.387146
 100.56777   144.9436     48.302048   94.36289    80.394196   42.750168
 113.30697    61.93006    51.79178    91.914444  172.61874    35.495144
  90.         82.4694     44.451935   92.61931   116.5314     81.69918
 151.67825   133.70961    69.89021   162.29279   133.49933    59.516205
  79.7019     90.         71.95818   161.67543    56.06894   124.992035
 128.20213    90.         36.57305    67.04542  ]
[116.586     54.67361  141.19798  148.2425   139.39804  114.324905
 129.4709    93.16333   38.70761  145.0921    13.33841   82.15359
  36.54769  148.05164  111.09805   53.40565  102.941055  50.387096
 129.46373  129.63933   57.3906     9.043592 100.55033   82.56346
 152.35628  101.0946    90.       129.35951   31.186737 125.02512
  13.968442  81.6093    51.377098  96.27955   90.        13.664576
  92.86017  128.7557    99.93725  151.9089    97.164345 132.94966
  45.96771   15.386321 128.88927   28.290747 165.22638  101.96255
 150.67026  177.61896  148.78003   20.381468  59.51843   14.456029
  41.08401  155.8144    48.300983 177.52258  173.15175   52.144962
  90.931046  49.20159   93.817375  47.94223 ]
[150.67654  120.13641   42.5774    86.60929   24.487528  19.825178
 103.76042  100.217155 137.46478  107.281815 112.92856  102.14305
  13.544476  93.107376  45.04929  133.92009   74.415985 135.51334
  76.48276   96.45094  139.494    164.6186    92.62501   33.51965
 156.10292   99.25072  146.75739  111.64497  176.97708   83.6805
  86.53733   12.240314  33.777515  80.417625  90.        82.991455
  14.900588 161.50723   95.03803   77.50956   52.340923  68.72603
  86.00046   19.703856 166.91913  138.94875   54.076538  71.856705
  66.1136    46.214752 119.52536  162.5424    84.48853  111.96624
  45.13579  159.55272  172.06424  175.24202  166.6491    66.96338
 137.23837  100.75919   91.48289  105.359764]
[ 90.         79.71845   135.31535    92.51007    29.43367    20.398052
  30.259943   93.47674   129.90002    52.291275   38.434723   97.560074
  16.708742  179.09453   128.0063     92.42166    91.41426     3.8482232
  48.93357    89.62654   125.845024    7.2744584 144.05475   100.10773
  16.267391   81.93642   174.67677   158.03612   131.41827    89.217224
  90.49901   118.63701    90.34228    90.          8.429327   86.535934
  80.989365   57.99857    63.96162   130.04742    46.589046   90.92597
  21.509304  100.15002    81.75386    23.966621   12.666102   39.298058
  30.095444   90.06863   123.59146    85.21286   118.652115   47.603767
 108.27641    90.        173.98468    97.754      28.194532   60.10876
  43.41306    28.588583  103.760025   90.33565  ]
[133.64255    116.892075    49.65568    139.18175      5.0600863
 117.88819     44.02137     84.589226   133.83453    120.80212
  96.563354   144.82643    162.90388     61.011715    37.080696
 177.98608    121.92381    100.35226      2.8433108  113.425064
  11.200643    38.518684     7.7681165   77.46203     46.25208
  44.07522    157.64786    159.78697     82.221       10.699707
  47.781216   127.30969     84.180664    90.          87.72709
  27.419336   122.410866   101.138145   122.41235    159.46677
  79.73251    100.96111    151.7098      83.53175    173.89981
  42.42262     74.24669     16.044619    88.137985    27.612791
  41.62785    166.5832      83.117805    90.           0.27482533
  85.46652    108.64058     76.12361     31.904106   150.0015
  50.99364    114.76144     77.5338      31.929386  ]
[  4.5248046   32.952976    90.          45.413754     2.3945732
 146.54376     44.19675    161.18707    103.355385   133.44318
 125.43831     15.864406    94.516106    81.10639    157.63676
  23.203918   129.63858     93.79418     13.411608    14.507104
  54.148174    10.566768    90.         147.79005     77.29383
 123.10074      5.0839195   87.70618     67.189705    39.029953
 157.81532     93.06655    100.87508     92.55325     47.527042
  27.720352     0.23490244  41.43172     84.710266   154.99301
  90.          38.995388    81.281265    76.3069      91.85973
   8.718639    76.25273     79.98675     87.05961     30.338764
  86.75568     85.98928    169.51817     50.206764    32.955193
  54.32015    142.94475    130.98756     73.46516    176.84818
  30.0846     125.89387      0.3208161  166.55655   ]
[ 96.9866    140.05978   157.76096    83.913025   79.18238    61.515984
 159.81174    61.097687    4.4490223 144.07672    68.89215   141.46475
  39.586163  124.86848    57.7696    165.9366     92.70465    34.57659
  96.326485   90.        133.91692   179.23076   133.88353    33.02187
 150.03136     9.464294   16.73036   131.47221   164.07996   145.09636
  92.402306   94.20814    12.851743    6.870097   97.58347    90.
  79.87748    90.        148.78185   160.05075    90.         28.892202
  84.61371    60.800446   99.55959   150.99625   172.03139    89.811066
 138.96054    91.99007    49.428547   76.54146   146.46684    85.173744
  56.947548  129.97292    90.        161.10672   141.86407    81.21755
  28.607838  134.68657    43.88909   112.28767  ]
[ 90.         98.96904     3.0286016  87.74868    37.1625    127.25027
 124.46234   174.88155    97.17839     2.8466134  16.47197    35.202045
 145.70291    92.772446   86.61678   107.429245   33.136066   49.004475
  46.722054   42.442345  167.08177    55.03819   170.82928    99.970924
 150.46169   143.74236    54.588276  141.03394    62.037453  146.92928
 147.72415    51.535324   89.71394   115.064835   90.        179.12665
 164.20897   101.80133    29.630436   85.275635  166.69661    85.2061
  38.02084    80.50033     2.2487273  90.        139.85815   173.26053
  18.751364   24.595984  100.28043    48.28802   140.72105   172.75206
  24.980846  124.57948    32.399673   23.635183   90.        135.84613
  91.113815   99.66489   170.91519    50.56481  ]
[ 90.        140.97224   123.30786   155.91487    92.51624   115.81135
  30.45325    83.97015    50.62608   155.07849    43.528275  116.88026
  30.980095   46.579517   82.79335   119.68839    28.48628    77.89502
  99.714355  162.91997    45.556843   19.764065   82.25617    89.60743
 101.15707    90.3251     47.68845   148.23186   174.60585    58.32852
  23.96986   136.14197   101.48364   175.03928    12.074029   39.814404
  90.        147.75623    49.61323   117.45218   171.74068    81.773346
  77.259865  100.237946   17.920021    3.1249328   1.6294283 144.04916
 169.46883   124.522865   93.22996    89.8046     11.4792795 147.35124
  99.84805     4.794893   32.372845   88.27683    90.         56.84592
 117.84077    59.562428   77.479614    1.56698  ]
[ 75.75225   104.81892    73.65187    90.         16.984053  103.57243
 125.63381   125.88334   157.23325    88.26634    23.62991    82.3288
  80.821045   87.33822    48.448437   40.9638     79.302414  175.57799
 131.32678    80.897446   68.45282   128.10994    35.625854   64.92063
 154.47913    39.06721   148.96571   105.24681    54.838493   88.1719
  48.18098    83.09802   149.75082    43.328262  142.69899    58.466465
  85.49413    44.54149    84.70296    79.62026    15.3503685 100.46029
  43.486973   50.387993  138.78348    77.5533    149.28862    84.26829
 173.05238   119.994194   56.830498  158.52832   121.356445    2.32591
 102.22549    51.35947   121.468735   31.894484  143.54527   124.38859
 149.24403     4.7541924 120.09511   143.7426   ]
[ 87.36899    143.0769     138.362       29.557528    83.336754
  95.38156    162.24918    152.89041     70.615326    83.86437
 169.90012    149.98688    128.46922    166.50908     58.071606
 141.99467     90.          79.86175    125.23169     86.69224
 163.56952     96.01219      8.18602     65.94073    139.47733
  28.919971   142.38327    173.05078     11.885045    99.75293
  54.248974   166.4722      34.27858     62.403175    45.070877
  77.86492     82.612015    90.          91.578476    37.384598
 104.26028     61.43455     52.11774      0.28046334  39.040348
  82.90676     75.00265     42.192295   125.1918     117.96456
  45.3732      25.127802   142.51399    126.72396     78.540634
 159.91002    177.53351     36.53941    129.17079     12.825199
 110.247475   143.9755      82.28513     12.132372  ]
[  0.98118407 175.88445     48.881893    42.25892     81.61911
 121.64612    177.46765     84.4203     142.17241     48.736553
  43.127205    86.89672     88.315155    97.45098    114.67989
  86.921005     8.837179   109.86467    141.53497     54.847233
 137.06694     99.20401     70.41892     50.506542    91.313835
  51.442287    78.500015    55.422207    11.839424   130.92409
  49.293198    57.17582    133.12848     39.33623     50.55649
  84.871185   101.77053     53.6989     130.2743      32.372894
 119.12835     37.739113    55.002266    56.08971     45.425404
  89.43933    156.49887     75.43282     54.023785   168.00516
 117.167145    90.         155.40483     90.          81.74969
  94.53668     93.36486     95.538765     8.26484     98.293594
 149.14865     94.64398     98.2789      88.87879   ]
[102.7307     127.55474    114.89144     17.93107    121.190125
  90.495224   176.78995     32.957714    88.761345    39.732883
  41.58692    111.29169     43.594154    88.28613     43.674107
  50.50593      0.19979194 151.8474      88.438545   162.0616
  11.863585    72.746254    58.716457   107.94859     82.02156
 170.42549    147.3697      73.807106    76.85262    151.13187
  90.         173.70657     90.         179.94067     42.041817
  49.623383    64.19664    142.59291     54.87316     88.532936
  47.61458     83.32951     90.         129.25552     25.014229
  67.69362     92.22913     93.66152    143.93298    160.00392
  15.3840685  110.002686    78.878845    55.914173    65.53165
  78.384766    94.43933     81.29772     82.35314     91.29525
   6.1871314   79.542404    88.499756    77.89844   ]
[128.64824     89.8135      90.         117.741264   177.5244
 127.08692    146.97375     11.1914425   84.105484     0.26318717
 106.973434    50.20303     95.649254    86.82532     81.45942
 124.016396    83.982796   131.53384     31.297441    77.26177
 159.25543     12.903764   165.1835     121.855484    47.64227
 128.12671     36.66489     90.          47.56404    161.97455
  26.258434   161.79607    138.87968    111.456406     7.2622037
 165.56523     22.894547     7.394915    91.95861     90.
 157.45854     85.724625   162.69998     57.894264     9.146752
  75.01605     41.32945    165.06718     99.703476    36.204338
   4.310844   116.979744   101.23967     24.299067   177.61806
  98.471565   166.36613    137.39502    154.01987     80.987724
 135.62152     83.23532    129.97731    166.25342   ]
[ 57.708553 105.32478  176.14694   88.5093   137.65431  150.9554
  32.246128  90.66598   90.        59.458454  53.567013 123.94814
  21.04551  116.536385 141.19688   26.09995  169.57027   94.80633
  75.39526   73.442314  38.26004   50.93578  171.42761   97.30822
  22.825203  90.30748  149.18552  128.90291  101.28814    7.124611
 133.5461    37.08932   42.886703  44.446228  43.994675 125.32298
 158.40831   88.22428  132.94884   78.042816 141.60178  157.64789
 101.687874 104.51653   90.       138.40788  165.33698   28.761003
 126.5598   169.43918   93.05386  145.85197  114.94691  138.39835
 140.39964   39.36794  173.38977  143.67743   34.814377  47.384342
  13.189132 169.22075  111.974174  97.57359 ]
[ 63.42993   176.93164    75.3086     54.846695   86.769905   83.36082
 168.6126     90.         76.44705    46.073513   56.421078  103.93281
  15.23647    33.213577   49.69702    48.74026   137.57846   166.45798
  65.49258    23.742113   25.39786   145.93808     2.1899946  76.567894
  39.23026    52.49079    86.61838   174.8296    136.68831   173.88408
 101.47598    49.177288   19.278336   21.708033   98.8885    128.99332
 144.7034     44.224937  140.37189    67.082954  108.10291    14.028613
  41.654686   90.          3.2322843  43.251873   78.70295   111.98451
  90.25597   100.81899    15.249953  165.35124    10.638596   94.70313
  74.45797     7.5691376  25.197104   78.58744    88.25346    56.70583
 132.92831   128.43832    90.326     148.12242  ]
[ 94.07605  127.17403   26.866674  92.418625 172.04965   50.302082
  92.24444   77.77443   82.9323    76.984184 121.96089   90.
  79.20033   22.547565 147.79364  124.347176  77.81283   92.60569
  31.554783 128.45525  109.670685  90.        32.37408   85.21902
  40.398308  84.338585  79.162186  28.16913   90.099625  86.54496
 119.83748  143.19583   44.707886  97.28735   16.817724  90.
  83.893654  87.11501   50.79913   35.84649  136.56862   72.91042
 109.17359   29.53763  135.22572   43.610344 148.90158  120.11543
  48.92301   90.       139.76454   97.39324   32.466145  94.702
 101.44787   80.48419   81.72669   35.7891    84.278     28.811058
 153.41237  158.54599   85.75701   77.70143 ]
[124.31344  118.2059    79.33203   19.732409 109.35343  127.30985
 104.868546  91.3149   157.09317  163.11955  111.38919  134.95432
  65.511314 135.93092   49.786976  42.00107   90.        31.971294
  30.094614  51.187714 151.72868  135.49448   60.751415  49.692577
  51.568066  60.358868 140.67952  101.17711   13.390758  92.81555
 104.479324  77.12133  105.43931   32.608055  35.269753  40.6551
 119.27303   93.02161  119.53694  148.44037   40.863766  56.505486
  36.94006   47.386513  74.13111   88.929344  77.65186  143.12799
  99.56522  115.02421   52.73647   20.640816  90.        42.334835
 126.53767  104.30479   84.104256  99.21909   92.12022   18.874578
  86.76358   36.78252  119.2672    88.08306 ]
[ 54.699467   16.818893  166.8029    113.93859   153.21599    30.43862
  36.04294    80.78778    83.11054    90.         64.28979    12.245096
 137.4884     94.8335     52.42059    77.15073    58.244957  104.113205
 163.83511   100.352455   82.940735  168.96657    51.382988   92.659035
  95.01228    67.717606  168.08348   127.933205   23.869753  123.30387
  88.42486    77.87993   126.77581    12.875947   58.394238   86.69798
  75.05525    49.623695  119.535416  131.6665     49.440853    3.426684
 145.01404   135.53008    83.70935   116.63937    97.030975   61.73333
 125.5434     94.209496   91.90445    10.039304   90.        141.47142
  12.4355545 160.9931    165.60538    88.157295   37.311382   73.70106
 166.02669    87.973145   40.03001   168.9636   ]
[ 55.103554   82.04451    16.286629   15.386862   88.27164   102.634445
   3.592813   47.66392    80.58671    26.370972   97.49057    76.901855
  89.27338   117.58169    89.97341    41.401894  146.65237   146.91344
   8.305035  105.078224  152.06166    92.019104   49.455036   43.356907
 126.72012   178.83484    34.18899    20.500036    7.5095325  90.420105
 122.24661   117.11548    90.         97.67003     6.5183353   6.2913933
 163.12248   136.60895    19.01894    79.499214    3.990812   40.79798
  44.57937    27.663912   17.970078  102.435905   51.645016   82.52496
 177.0995     67.28689   128.8163    137.7763     11.3892355 129.50555
 148.54454   103.914856   84.72276   105.17937   144.86893   174.75914
  87.7076    132.91164    91.49745   165.77235  ]
[ 36.619583   90.         51.54421    81.68917    35.276047  174.86302
 164.25131   171.78207   167.91545    86.72147   135.43474    61.099415
 149.82578   170.46724   158.16118   101.22542    10.321747  164.9245
  88.0234    132.56912    28.161575   90.        144.43443    47.224766
  37.43343    82.9274     90.        166.21523   128.48987    99.66792
  97.90408    24.175348   90.        170.75015    94.798775  172.45042
  90.         83.6614     14.439524   21.604416    1.2406467 153.16002
  56.968052   32.455822  113.79995   147.12077   176.6641     90.
  90.70016    80.355644   83.71856    13.253366   40.24591    80.44707
   9.154956   87.13869    31.92175   143.8902     99.384384   58.295586
  42.865353   75.9032     47.41846   165.41475  ]
[146.49876  145.17088  171.05128   56.443253  18.855104 143.68842
  44.729794  81.72993  129.26994  148.29074  115.13513   90.
  13.938703 120.968     31.299147  93.8479    40.190815 139.2691
 136.54138  136.25919   30.955776 119.78051  151.81976  140.85269
 164.71808   92.69779  168.70242  124.66708   44.621166 113.44155
 122.60492  148.36508   49.431553  81.62583   30.388622  38.992054
  90.       134.20064   49.497925  39.749027 157.24586  158.58846
  19.40583   90.        54.505024  99.64983   52.06943  153.50278
 110.52948   86.68337   65.98406   52.86743   61.115055  90.
 150.68272  127.26372   22.897783 161.47447  170.19557  134.8111
  28.970272  76.009735  90.963684  78.085785]
[1.06033546e+02 1.01621994e+02 5.35841637e+01 1.24603661e+02
 1.28818970e+02 1.78910690e+02 4.84566391e-02 1.62117290e+01
 4.92465477e+01 1.27045723e+02 1.79720932e+02 1.36977982e+02
 1.31586716e+02 9.00000000e+01 4.76081963e+01 1.72478806e+02
 8.35329056e+01 1.28940430e+02 9.35563354e+01 5.14843292e+01
 9.43683853e+01 4.80758247e+01 6.09787331e+01 1.07329376e+02
 1.04587135e+02 9.00000000e+01 1.56797287e+02 9.00000000e+01
 7.49183578e+01 1.10538544e+02 5.02415619e+01 2.32531452e+01
 7.58535690e+01 3.62231331e+01 4.03822861e+01 9.00000000e+01
 9.09186401e+01 9.42381210e+01 1.46302536e+02 1.40027405e+02
 7.68761063e+01 3.16112099e+01 7.82327118e+01 1.50234756e+02
 1.71428329e+02 2.61861210e+01 9.00000000e+01 1.26081299e+02
 1.40047714e+02 6.20690956e+01 1.56325623e+02 5.26204834e+01
 1.49310303e+02 1.63460648e+02 7.91299210e+01 9.00000000e+01
 1.24374191e+02 9.01064987e+01 3.93428612e+01 3.80819244e+01
 9.43174744e+01 1.06433807e+02 5.89629173e+01 1.00165504e+02]
[169.55022  122.746155  95.10859   45.63135  103.40797   44.62349
  90.       160.39474   82.6105    90.94783  118.66576   13.656131
  81.62523   42.377308  81.932     75.16453   83.99505   75.33089
  97.0807   129.31563   82.41091   13.981255 129.18608   90.
  17.329744  17.699858 138.22153   52.88249   58.854427  90.838715
  22.99275  134.77118   64.08627  149.92073  101.59768  131.75381
 104.83954  105.851204 144.63504  146.01143  114.83422   37.39951
  43.164787  25.880745  94.15973   15.263811 122.81983  143.43817
  90.        90.        32.006535 162.3668    84.693665  46.804802
 167.90977  166.06543   90.        73.92726   16.036968  29.463804
  97.731285  99.31381   92.286316  24.858864]
[ 33.116177     0.35110226  90.          92.15844     85.31252
  44.751392    90.420074   165.6102     171.54927    141.7188
  72.86157     23.347649   138.85876    135.41425     15.083378
  14.018777    98.46664    168.80244    127.23628     38.627094
 153.         101.7568      43.82169     27.884165   105.02686
 144.68709    143.01291     91.56269    105.57847    167.79506
  87.16015    101.381615    79.333916    93.90628     89.37932
  38.800106   116.25626     88.89955     40.038548    25.368248
 131.85266     65.70862    130.88254    118.168976   137.80893
  12.060994   149.02861    153.02176    129.68047    128.33421
  81.95856     53.745537    91.71593      2.1080291   90.
 168.39346      5.732512   177.49727    127.10957     35.709446
  93.54964     92.55163    124.54163     98.96774   ]
[135.94247   101.34587   127.34535   102.837906   77.758705   73.82211
  96.70425     1.2960352  52.315434   74.774445   91.51915    90.
  17.451445   92.729996   41.731808   83.87582    74.52154    86.55737
  45.323162   97.46677    87.62125    90.         80.20615    89.579285
 168.35939    41.645584  149.09386    90.         87.358025  103.42878
  57.449314   34.519566   74.15171    79.926544  104.74871   177.03787
  90.         43.381226  134.68208    13.24249   167.93245    41.1569
  89.37185   123.946396   15.85702    79.43153    90.96558    94.55007
 126.72684    17.927921  133.60716   156.25606    87.04233   111.603546
  86.9231     45.059155   38.048615  152.02942   129.60637   130.05884
 154.90346    84.93019     3.2164373  91.41634  ]
[ 25.660128  90.        37.72151   79.31507   45.52287  104.85217
 143.17249   94.46863  146.99721   57.534958  26.651176 175.74632
  88.65875   77.484924 121.98222   82.547966  88.68609   21.8694
  26.407522 165.1784   151.24861   81.623     36.821285  51.786045
  90.        45.818466  39.378265 133.51483  149.83284   10.443196
  50.461212  11.560302  86.82984  159.10895  136.37267   79.61858
  81.212364  99.83896   28.095213 162.65903   83.88999   37.83748
  93.94305  130.1463    55.014355 101.96841   60.390045  90.
  71.21468   62.84952  121.546776 128.65111  131.754     96.1746
 165.40344   80.71397   56.465427 135.45912   28.256796  86.31887
 125.340935  89.43984  127.71699  105.75738 ]
[ 32.296265   90.         90.        173.41626   168.89696   103.045006
 131.28265   124.71897    99.26275   175.15628   131.86224    31.962307
  16.143969  123.65787    43.90703   175.77989   124.25753   162.2405
 102.861984   72.51631   167.12292    90.         99.05496    45.663956
  88.096306   51.546524   52.63888    54.497433   88.67834   167.06668
  99.765945  138.5086     32.136524   87.720436   41.667377   33.97386
  40.84984    46.571426   84.24938    46.857548   13.049444  134.85146
 104.70071    47.408604  112.91265    45.639694    8.973319  116.668816
  44.88595    97.8717      6.0928435  80.62431   144.33858   105.28544
 131.40474    17.777054  103.27849    23.29723   155.9224    118.84727
 133.53038   102.74553    87.41904    55.24173  ]
[136.44821    90.         90.         51.538517   38.0336    158.38287
 128.14708    57.482723  130.02118    30.337767   55.412647  140.73592
 178.05219    56.558857   91.738045  167.67862    61.017113   81.47262
 116.3542    143.50366    49.25529   153.82661    90.         38.078133
 127.49532    12.693796  171.41411    90.         80.72925    96.1039
 121.97592   101.68637   165.8524     90.        130.57745    90.
  86.105194  126.143005  104.297134   74.31442    43.078835   15.953522
  80.47738    96.25639   109.716805   70.44594   144.1011    162.08536
  97.4616    158.06       28.0712    129.33363     3.970396  122.51548
 165.36827   175.45882    83.75549   128.87904    57.483162  117.096634
  76.0087      4.9127073  13.8236685  91.729546 ]
[153.53577    30.671827   24.59363    90.         62.95472   109.29542
  18.78819   168.42249     4.2326727  25.76486    93.519066   32.146305
 134.02231    44.958336   92.2189     96.33007    90.        136.67331
  61.21219    77.90215    18.037895  117.69284    90.        100.44801
  23.73902    86.71968    97.44289   126.819954   89.2386    137.12085
  88.6649     57.395916   55.847725   36.861904    4.064185  100.36727
  75.59559    27.82461   132.42982    28.433992  141.34317    98.99895
  57.682163  124.845856   82.21121   127.07262    55.580647   13.448984
  42.396626  133.4021     13.13117   143.13521   150.04126    21.430775
  79.76975    82.092766   83.609695  144.40475    91.97714    77.001976
  84.56844    53.231445  142.23285   101.654236 ]
[ 90.        19.375446  17.161367  81.39371  134.38516   82.5874
 104.00529  168.48592   55.71653   97.294754  36.889748  69.700325
 118.28257   95.99705   54.336506   8.820357  88.5363    43.219
  47.97407   92.790665  90.       105.275116  52.28066  112.44559
 138.3627    16.68779  111.5563    40.431248 171.46182   14.414493
  35.454033  39.745884 132.2292    48.45059   91.2222   153.50906
 112.58182  103.32674   74.475975 141.33737  117.845    105.5222
  31.254112  41.030293  23.571957 128.9732    81.74596   74.75477
  71.92754   35.051487 125.865456 159.77602   54.804848 112.88441
 101.73144   50.416225  55.68125  171.74385  147.84026  105.43648
  96.54099   90.        91.951126  90.      ]
[131.7588   114.28758   77.658745  68.48023  136.01712   90.
 121.03851   12.943434  85.241844  83.01118  138.69437   96.93427
 168.30588   17.83001  132.58394  126.70307  175.04172   75.769585
  44.801105 128.02809   15.27591  143.94919  133.34602   39.390686
  53.36362   88.56757   83.54683  136.4389    96.33711   23.797953
 107.13699   85.23012  140.73244  127.23567   49.38772   16.673784
 146.74641   87.598755  21.598133  43.115276  60.25242   84.24782
 164.78046  173.45314  160.7589   119.382416  88.38988   94.44104
 158.34764   94.26816   90.        15.781729  77.8889    87.21049
  86.10272  113.08181   53.855183  90.       134.02188   91.75832
  90.         8.959756 135.43011   92.970825]
[123.70966    90.986115  139.40996   137.0397      1.5125847 151.8071
  67.030594  147.1827     90.        139.85706   135.79517    15.821848
 125.72326   141.8455    175.82504   152.98372    99.85258    36.02314
 164.21297   130.29796    83.59908    85.99932    73.0674    137.2642
  90.         61.266953   60.745354  128.53812   147.55249    47.70054
  86.92735   153.88      114.973854   48.095657  122.17559    37.217552
 122.12722   148.04312   178.8382    122.12971     0.6740565  85.18169
  36.943764  132.9724    140.39816    92.40208    86.76673   102.63009
 178.62914    59.897316   28.603315  139.2863     38.8541    101.08538
  25.069096  168.52061    32.494263   63.721077   69.934715   99.73966
 144.08177   119.642586  145.5081    169.13577  ]
[ 39.221134 123.45679  129.70619  169.93909   70.21047  139.62692
  55.358795  35.55326   66.076904  37.468685 158.18633   87.06028
  85.8333   175.25888   94.40899   81.57104   63.11084   69.994804
  30.579048  86.83431   78.05673  125.0093   130.46016   85.89744
  90.        84.07857  149.30193   85.881546  89.69347   90.
  26.74527   86.8504    57.37939  102.475365  80.51861   41.706306
   6.67215  168.98654   32.774788 102.774185  43.865364  81.45129
 163.48347   26.62323   47.522404 137.17911   40.789364   8.775926
  48.558624  75.351746  90.        50.507515  78.610596 142.87761
  14.666924  17.920008  76.93086   12.388493  77.83479  104.249985
 127.81182   46.2208   149.27386   51.36997 ]
[ 33.09856  143.47685   78.94565   97.84267   28.212324  95.07417
 146.1082    27.118643 103.499146  87.09407   45.943714 128.72229
 141.72427   99.00875  124.44077  102.3806    71.28778  141.80959
  55.48335   96.5108    86.84299   90.8892    39.65236   90.
 175.2177   113.40145  103.13098  133.92622   80.63431  176.19609
 115.39688  174.00885   81.07334   47.71669  166.40872   98.12946
  57.832912 168.04996   82.93607   86.10496  152.82436  105.54356
  94.67628  137.65794   11.547191 119.45418   50.49248   90.
  39.838165  92.11713   15.112734  94.79995  148.39348   47.230976
 131.63782   10.076067 175.88647   90.        90.       138.80656
 141.84224   79.903534 178.18956   79.3254  ]
[164.16493   139.57748   104.00435    78.12096    92.805115   56.66452
  48.34455   167.0036    142.68846   141.34601    32.222416   39.008812
  96.07163    29.943724   24.941881  160.16536   169.67587    31.27088
  37.940296   28.15613    36.66084   146.24612    57.868393  146.25279
 164.30818    51.13682    90.         28.305643  100.693       8.253927
  40.589024   14.340043  123.54341    77.99218    84.03745   161.11691
  77.30915    88.553055   34.875347   52.074215  127.74076    97.43627
  38.184002   25.758863   36.283493  163.87735   118.761734  107.91779
  86.997116   15.008153  126.38295   157.71959    92.730316  100.61813
   1.4713997 128.71548    84.69769   126.01889   118.05835    25.250761
 142.63863   126.933876   48.912945  173.23846  ]
[ 99.21584     6.2290072  91.713104   90.         52.89109   124.54664
  10.424509  130.59137    86.4419    128.73459    39.497627   22.077133
 122.1101    144.5641     57.70154    90.579445   83.885315   34.31843
  62.764587  158.10507   161.56023    96.63116    90.         90.
 175.24684    55.547924  150.0031      1.9866247 115.85537    93.25678
  30.955837  159.34251    18.9217     23.073036   19.302027   93.26233
 173.55067   136.181      79.83718   156.26717    91.321304  159.52643
 121.25337    35.56805    20.337553   85.571396   90.         72.20792
  64.2254     63.331078  151.55598    63.987984   55.162106   89.6806
  74.05684    82.37338    99.55415    14.980159  130.4787     92.007416
  30.917068    7.937757  122.65345    84.37783  ]
[ 37.618774   82.47345    12.428194  104.46146   168.50815    45.294964
  97.13546    87.03465    45.141903   35.557854   79.30378     4.4694023
 102.94515    85.759285   97.79053    39.600864  149.31877    30.154226
  63.490993   53.611877   81.5814     84.16616    39.353775  103.251144
  31.216225  139.64474   128.69257    82.09229   122.20484   133.12344
  35.875507  102.63052    15.132608   46.118362  159.59879    46.72333
   3.544145   61.27433   130.34961   128.507     128.56973   132.37698
  76.56728    37.113407   82.44395    77.524155   90.        144.5189
  45.465584   27.189404   44.48535    52.473152  146.1316    121.99808
  81.36569   135.74118   148.52448    38.661545  141.97069   124.67158
   6.641186  133.55983   170.68047   114.113914 ]
[119.46614   95.728966  11.417752  58.10952   84.36556   98.58264
  99.42869   86.76669  146.5237    73.30352  102.52305   41.42463
 126.80409   54.472942 155.06628   99.367226 100.7396    83.14995
  42.184227  42.278458 103.23943   49.491905 105.00487   35.592854
 149.4278    90.       155.61438   76.60948   36.567657 141.50017
  96.58561  156.15926   10.765707 157.95032  129.63199   93.37486
 175.46387  118.47315  123.212975 171.28334   87.55708   55.802025
  85.42844   91.17423  138.26811  136.06271  120.0741   168.3517
  85.85616  165.49854   80.056816 132.95242  139.36172   77.3964
 173.94301   95.60478   54.11164   59.530704 120.570724 132.41649
 151.2538    90.       138.751     77.728516]
[ 79.19962   55.47392  130.47575  153.57346   21.495607 143.61494
  85.710434 134.5702   136.86562   52.630146 110.47587   16.282818
 138.7928   140.07687  166.90593   96.22593  130.69339   41.42638
  82.38047  129.72806   32.48938   68.39981   95.05527   88.87691
  86.06435   55.876316 118.4439    74.16868   51.254574 165.56876
 119.62476  171.74881   81.92372   66.580696 149.32591   66.68265
 179.39186   42.431637  78.7224    53.17223   90.       140.55582
 138.79597  128.48756   77.184975  85.420876  79.10894   25.492655
  27.332918 121.78749   18.864697  66.96291   83.790474 136.7917
 124.863914  33.47591  143.2196   142.53598   98.70145   90.
  89.049065  29.874735 179.55063   28.013659]
[ 90.29487   119.59259    69.84475    95.56838   159.81708   130.2972
  64.40977   155.7686    128.74123   153.59183    89.448746  166.5207
 165.7256    139.8702     95.75517    96.090485   90.         23.532463
  35.274055   96.79988    38.224422  146.67805    90.        178.09854
  56.824184  166.82892    95.57854   165.08803    91.16054    87.15712
 149.94937    91.1112    113.750084  160.85559   129.31802    57.062088
 139.87746   135.37918   143.18402    44.888676  100.924164  154.4167
  52.402542  130.45216    42.00501    29.020132   51.067307   42.646324
  83.07955   103.55621    90.181595   54.359688  162.2181     63.513477
 179.53989    94.0892      6.906942   61.87522    97.952194   10.2350445
 142.39322    18.064644  148.0342     42.908203 ]
[ 75.60081  162.79459  146.2342   109.87362  132.66014  102.80276
 161.96904  139.0655    90.17381   79.710396  80.68164   86.95245
 123.360504  95.66246   85.43365  145.60587  158.98026   27.879389
 139.95247   14.036388 158.67508   56.170918  53.66333   74.66753
  30.420444 126.4935   111.011406  28.725859  56.919514  83.2919
  31.897858 119.3983   110.312836  74.35038   80.77218   48.70917
  50.302467 108.91856   41.31584   89.92013   18.508518  33.642475
  99.401855  11.117157  76.67403   23.593657 126.869286  13.123141
  75.906136 123.51033   11.262955  23.511995 137.86629   77.13985
  30.882034  41.527977  65.34547   15.875645 131.55666  131.09071
  80.92916   39.492588  90.28108   90.      ]
[154.39738    94.40368   172.00784   149.26276   135.55698    59.080826
  12.163821  113.77897   124.851074  104.93458   126.246956  142.95233
 160.80963    90.387474   46.042965  139.45251    44.603313  124.702255
 149.77127   125.49952     4.1340337  82.06989    84.41072   116.7253
  57.13092    90.        118.37285    82.52799   115.6396     97.47129
  90.24467   145.61707    11.527895   42.43687   103.06047   138.68588
 116.02636   166.75526    70.30687    89.30554    78.74078    30.521078
   6.338741   77.990364   88.082245  171.13841    63.0423    162.22365
  90.0203     63.69542    83.867584  120.92297    55.362865  144.90945
 116.26104   144.33417    31.312042   20.791231   45.439095  125.1279
  90.         57.90645    78.39318    90.       ]
[  6.754503   40.298935  169.3883    148.9384      0.5062905  42.76689
 146.42587    76.23101   143.04839    56.108315   52.088184   25.673824
  28.63955    10.585484  122.57654    55.630447  128.61345   143.02489
   2.8767116  37.352592   33.55773    48.318165   51.11642   110.68321
 166.20847   140.6723     55.336742   53.317387   80.268     144.5102
 129.34563    20.23044    78.7134     67.928444  135.16124   128.51344
  38.65792   103.37536   146.48653   114.45847   103.58821    35.43761
 143.58678    95.15524   145.68654    62.688656   57.425545  164.61807
 161.9914      6.1728234 140.3766    172.59964    14.149027   90.29369
 137.77444    84.33699  ]
